11080
4201
28702
27044
8530
763
9108
4607
13131
12841
21498
32568
18330
23441
13832
2686
11455
17789
8560
27909
13870
14437
13400
9643
7006
12725
19214
25050
19741
13263
8183
28080
13606
22356
10185
28509
5109
416
32250
29133
28890
25747
30073
648
20557
11159
8603
26326
9345
31198
27480
11302
11324
7660
1719
6064
13285
7766
23687
14682
27871
969
15440
9688
20245
1101
27273
7192
14550
29643
24331
6621
16612
7629
18374
9130
28359
27782
9139
17377
19815
274
2569
1324
3034
8447
29108
27676
8315
7435
3331
13328
8764
5423
3489
21337
19517
15837
25798
2715
